1102
0.000000e+00
0.000000e+00
0.000000e+00
0.000000e+00
0.000000e+00
0.000000e+00
0.000000e+00
0.000000e+00
0.000000e+00
0.000000e+00
0.000000e+00
0.000000e+00
0.000000e+00
0.000000e+00
0.000000e+00
0.000000e+00
0.000000e+00
0.000000e+00
0.000000e+00
0.000000e+00
0.000000e+00
0.000000e+00
0.000000e+00
0.000000e+00
0.000000e+00
0.000000e+00
0.000000e+00
0.000000e+00
0.000000e+00
0.000000e+00
0.000000e+00
0.000000e+00
0.000000e+00
0.000000e+00
0.000000e+00
0.000000e+00
0.000000e+00
0.000000e+00
0.000000e+00
0.000000e+00
0.000000e+00
0.000000e+00
0.000000e+00
0.000000e+00
0.000000e+00
0.000000e+00
0.000000e+00
0.000000e+00
0.000000e+00
0.000000e+00
0.000000e+00
0.000000e+00
0.000000e+00
0.000000e+00
0.000000e+00
0.000000e+00
0.000000e+00
0.000000e+00
0.000000e+00
0.000000e+00
0.000000e+00
0.000000e+00
0.000000e+00
0.000000e+00
0.000000e+00
0.000000e+00
0.000000e+00
0.000000e+00
0.000000e+00
0.000000e+00
0.000000e+00
0.000000e+00
0.000000e+00
0.000000e+00
0.000000e+00
0.000000e+00
0.000000e+00
0.000000e+00
0.000000e+00
0.000000e+00
0.000000e+00
0.000000e+00
0.000000e+00
0.000000e+00
0.000000e+00
0.000000e+00
0.000000e+00
0.000000e+00
0.000000e+00
0.000000e+00
0.000000e+00
0.000000e+00
0.000000e+00
0.000000e+00
0.000000e+00
0.000000e+00
0.000000e+00
0.000000e+00
0.000000e+00
0.000000e+00
0.000000e+00
0.000000e+00
0.000000e+00
0.000000e+00
0.000000e+00
0.000000e+00
0.000000e+00
0.000000e+00
0.000000e+00
0.000000e+00
0.000000e+00
0.000000e+00
0.000000e+00
0.000000e+00
0.000000e+00
0.000000e+00
0.000000e+00
0.000000e+00
0.000000e+00
0.000000e+00
0.000000e+00
0.000000e+00
0.000000e+00
0.000000e+00
0.000000e+00
0.000000e+00
0.000000e+00
0.000000e+00
0.000000e+00
0.000000e+00
0.000000e+00
0.000000e+00
0.000000e+00
0.000000e+00
0.000000e+00
0.000000e+00
0.000000e+00
0.000000e+00
0.000000e+00
0.000000e+00
0.000000e+00
0.000000e+00
0.000000e+00
0.000000e+00
0.000000e+00
0.000000e+00
0.000000e+00
0.000000e+00
0.000000e+00
0.000000e+00
0.000000e+00
0.000000e+00
0.000000e+00
0.000000e+00
0.000000e+00
0.000000e+00
0.000000e+00
0.000000e+00
0.000000e+00
0.000000e+00
0.000000e+00
0.000000e+00
0.000000e+00
0.000000e+00
0.000000e+00
0.000000e+00
0.000000e+00
0.000000e+00
0.000000e+00
0.000000e+00
0.000000e+00
0.000000e+00
0.000000e+00
0.000000e+00
0.000000e+00
0.000000e+00
0.000000e+00
0.000000e+00
0.000000e+00
0.000000e+00
0.000000e+00
0.000000e+00
0.000000e+00
0.000000e+00
0.000000e+00
0.000000e+00
0.000000e+00
0.000000e+00
0.000000e+00
0.000000e+00
0.000000e+00
0.000000e+00
0.000000e+00
0.000000e+00
0.000000e+00
0.000000e+00
0.000000e+00
0.000000e+00
0.000000e+00
0.000000e+00
0.000000e+00
0.000000e+00
0.000000e+00
0.000000e+00
0.000000e+00
0.000000e+00
0.000000e+00
0.000000e+00
0.000000e+00
0.000000e+00
0.000000e+00
0.000000e+00
0.000000e+00
0.000000e+00
0.000000e+00
0.000000e+00
0.000000e+00
0.000000e+00
0.000000e+00
0.000000e+00
0.000000e+00
0.000000e+00
0.000000e+00
0.000000e+00
0.000000e+00
0.000000e+00
0.000000e+00
0.000000e+00
0.000000e+00
0.000000e+00
0.000000e+00
0.000000e+00
0.000000e+00
0.000000e+00
0.000000e+00
0.000000e+00
0.000000e+00
0.000000e+00
0.000000e+00
0.000000e+00
0.000000e+00
0.000000e+00
0.000000e+00
0.000000e+00
0.000000e+00
0.000000e+00
0.000000e+00
0.000000e+00
0.000000e+00
0.000000e+00
0.000000e+00
0.000000e+00
0.000000e+00
0.000000e+00
0.000000e+00
0.000000e+00
0.000000e+00
0.000000e+00
0.000000e+00
0.000000e+00
0.000000e+00
0.000000e+00
0.000000e+00
0.000000e+00
0.000000e+00
0.000000e+00
0.000000e+00
0.000000e+00
0.000000e+00
0.000000e+00
0.000000e+00
0.000000e+00
0.000000e+00
0.000000e+00
0.000000e+00
0.000000e+00
0.000000e+00
0.000000e+00
0.000000e+00
0.000000e+00
0.000000e+00
0.000000e+00
0.000000e+00
0.000000e+00
0.000000e+00
0.000000e+00
0.000000e+00
0.000000e+00
0.000000e+00
0.000000e+00
0.000000e+00
0.000000e+00
0.000000e+00
0.000000e+00
0.000000e+00
0.000000e+00
6.958177e+09
0.000000e+00
0.000000e+00
0.000000e+00
0.000000e+00
0.000000e+00
0.000000e+00
0.000000e+00
0.000000e+00
0.000000e+00
0.000000e+00
0.000000e+00
0.000000e+00
0.000000e+00
0.000000e+00
0.000000e+00
0.000000e+00
0.000000e+00
0.000000e+00
0.000000e+00
0.000000e+00
0.000000e+00
0.000000e+00
0.000000e+00
0.000000e+00
0.000000e+00
0.000000e+00
0.000000e+00
0.000000e+00
0.000000e+00
0.000000e+00
0.000000e+00
0.000000e+00
0.000000e+00
0.000000e+00
0.000000e+00
0.000000e+00
0.000000e+00
0.000000e+00
0.000000e+00
0.000000e+00
0.000000e+00
0.000000e+00
0.000000e+00
0.000000e+00
0.000000e+00
6.554400e+09
0.000000e+00
1.355325e+10
0.000000e+00
0.000000e+00
0.000000e+00
0.000000e+00
0.000000e+00
0.000000e+00
0.000000e+00
0.000000e+00
0.000000e+00
0.000000e+00
0.000000e+00
0.000000e+00
0.000000e+00
0.000000e+00
0.000000e+00
0.000000e+00
0.000000e+00
0.000000e+00
0.000000e+00
0.000000e+00
0.000000e+00
5.515198e+09
0.000000e+00
0.000000e+00
1.983694e+10
0.000000e+00
0.000000e+00
0.000000e+00
0.000000e+00
0.000000e+00
5.920872e+09
0.000000e+00
0.000000e+00
0.000000e+00
0.000000e+00
0.000000e+00
0.000000e+00
0.000000e+00
0.000000e+00
5.706359e+09
7.358062e+09
0.000000e+00
0.000000e+00
1.505360e+10
0.000000e+00
1.587509e+10
2.935108e+10
1.410953e+10
3.598323e+10
0.000000e+00
2.359051e+10
2.838562e+09
0.000000e+00
1.308311e+10
0.000000e+00
0.000000e+00
3.545445e+10
0.000000e+00
9.036893e+09
0.000000e+00
0.000000e+00
0.000000e+00
0.000000e+00
1.904368e+10
0.000000e+00
2.570221e+10
5.414955e+10
0.000000e+00
1.260375e+10
8.636126e+10
0.000000e+00
0.000000e+00
0.000000e+00
1.173567e+10
0.000000e+00
1.208618e+09
8.571299e+09
6.716050e+08
1.043993e+11
4.806592e+10
0.000000e+00
1.395503e+10
3.817180e+10
3.586509e+09
0.000000e+00
2.343127e+10
7.085345e+09
0.000000e+00
1.666664e+10
4.461477e+09
1.099094e+09
0.000000e+00
0.000000e+00
0.000000e+00
0.000000e+00
0.000000e+00
0.000000e+00
0.000000e+00
3.586881e+10
0.000000e+00
0.000000e+00
4.605766e+10
0.000000e+00
2.699883e+10
2.321250e+10
1.970434e+09
1.127913e+10
2.640495e+10
0.000000e+00
3.871626e+09
0.000000e+00
4.868722e+09
4.509520e+09
4.551767e+10
0.000000e+00
0.000000e+00
0.000000e+00
1.856688e+10
0.000000e+00
0.000000e+00
2.724054e+10
5.638917e+09
0.000000e+00
0.000000e+00
0.000000e+00
5.894263e+10
7.591710e+09
4.203454e+10
1.121121e+10
0.000000e+00
0.000000e+00
6.795565e+09
0.000000e+00
0.000000e+00
1.545933e+09
9.222463e+09
0.000000e+00
0.000000e+00
0.000000e+00
1.526328e+10
4.070234e+10
2.275911e+09
0.000000e+00
0.000000e+00
0.000000e+00
0.000000e+00
8.986595e+09
1.557253e+09
0.000000e+00
3.440973e+10
0.000000e+00
0.000000e+00
4.339090e+09
5.895868e+10
0.000000e+00
1.176772e+10
2.155074e+09
2.558265e+10
0.000000e+00
0.000000e+00
1.976394e+10
1.667997e+10
9.314319e+09
0.000000e+00
0.000000e+00
1.451284e+09
1.239986e+10
0.000000e+00
0.000000e+00
7.423765e+09
2.565170e+10
3.943686e+09
0.000000e+00
0.000000e+00
0.000000e+00
7.465607e+09
2.062743e+09
6.682585e+09
4.359877e+09
4.711893e+09
0.000000e+00
2.521644e+10
2.592685e+10
1.143110e+10
0.000000e+00
1.716134e+10
5.498866e+10
1.499015e+10
8.263039e+09
6.132492e+09
5.731446e+08
3.426279e+09
0.000000e+00
9.373420e+09
8.227344e+08
3.256912e+09
9.028831e+09
0.000000e+00
4.779049e+09
0.000000e+00
3.401201e+10
9.912637e+09
5.661041e+09
2.429247e+09
0.000000e+00
2.377973e+09
3.874654e+09
0.000000e+00
1.050165e+10
9.300296e+08
1.467737e+10
6.299238e+09
2.388659e+10
1.778904e+09
1.674473e+10
2.796996e+09
0.000000e+00
0.000000e+00
1.545523e+10
6.208885e+09
0.000000e+00
0.000000e+00
1.744031e+10
3.481115e+09
0.000000e+00
0.000000e+00
1.415626e+10
2.483846e+10
0.000000e+00
0.000000e+00
0.000000e+00
0.000000e+00
1.406421e+10
0.000000e+00
0.000000e+00
0.000000e+00
7.786584e+09
0.000000e+00
2.118405e+09
0.000000e+00
0.000000e+00
2.455273e+10
1.644837e+08
0.000000e+00
1.255410e+09
1.854027e+10
2.609787e+10
0.000000e+00
2.607232e+10
0.000000e+00
0.000000e+00
0.000000e+00
0.000000e+00
5.755024e+08
1.242853e+10
0.000000e+00
1.291489e+10
9.865958e+09
0.000000e+00
0.000000e+00
0.000000e+00
0.000000e+00
0.000000e+00
2.193528e+10
2.334890e+10
1.447209e+09
4.717466e+09
0.000000e+00
2.191780e+10
3.994373e+10
5.197248e+11
4.254203e+11
2.824195e+11
2.296018e+11
3.875175e+11
4.014962e+11
5.603636e+11
3.260324e+11
3.389669e+11
4.340625e+11
3.478487e+11
3.478168e+11
2.515334e+11
3.548878e+10
1.373855e+11
2.287086e+11
4.259413e+11
9.940014e+11
1.168732e+12
1.334647e+12
1.150241e+12
6.674774e+11
1.911771e+12
2.189167e+12
2.067099e+12
2.487288e+12
2.965878e+12
2.557003e+12
3.086420e+12
2.940497e+12
2.747155e+12
2.847861e+12
2.792856e+12
1.267890e+12
3.435544e+12
4.872509e+12
5.462800e+12
4.837379e+12
4.794567e+12
5.375802e+12
5.474061e+12
6.020834e+12
5.387494e+12
5.329818e+12
6.676702e+12
6.584641e+12
6.074252e+12
7.504362e+12
6.957366e+12
7.205018e+12
5.068969e+12
7.963595e+12
8.179530e+12
6.969748e+12
1.058012e+13
9.671990e+12
9.174435e+12
8.636588e+12
9.984290e+12
9.190407e+12
8.667100e+12
6.734709e+12
1.269999e+13
5.377006e+12
1.175922e+13
1.178130e+13
1.215580e+13
1.303239e+13
1.487562e+13
1.168994e+13
1.348420e+13
1.552193e+13
1.658442e+13
1.378301e+13
1.742861e+13
1.818638e+13
1.938098e+13
1.782103e+13
1.892084e+13
1.895832e+13
1.859192e+13
2.118126e+13
2.313116e+13
2.277382e+13
2.150857e+13
2.244811e+13
2.253539e+13
2.590971e+13
2.235250e+13
2.522354e+13
2.575970e+13
2.122020e+13
2.585314e+13
2.602641e+13
2.784596e+13
2.333681e+13
2.986841e+13
3.045735e+13
3.301195e+13
2.706903e+13
3.134915e+13
3.206239e+13
3.181849e+13
3.606321e+13
3.944010e+13
3.554401e+13
4.112796e+13
3.269721e+13
3.977199e+13
3.877529e+13
4.358292e+13
4.615414e+13
4.502673e+13
5.075542e+13
5.334716e+13
5.415714e+13
5.385969e+13
5.713969e+13
6.223820e+13
6.323446e+13
6.838709e+13
5.677986e+13
6.320815e+13
6.197217e+13
5.051069e+13
4.910977e+13
4.128972e+13
3.111401e+13
2.025185e+13
1.017644e+13
5.477372e+12
5.128101e+12
8.167640e+12
1.181656e+13
1.464743e+13
1.640970e+13
1.592444e+13
1.429694e+13
1.191985e+13
9.169172e+12
7.017383e+12
6.389243e+12
9.021043e+12
1.592356e+13
2.514241e+13
3.264414e+13
3.599015e+13
3.263488e+13
2.789025e+13
2.276494e+13
1.819633e+13
1.499559e+13
1.308631e+13
1.182683e+13
1.208780e+13
1.392628e+13
1.522540e+13
1.870830e+13
2.324950e+13
2.997000e+13
1.654738e+13
1.110926e+13
1.836367e+13
2.672979e+13
3.402569e+13
4.993841e+13
3.173539e+13
1.485014e+13
2.450812e+13
2.933627e+13
3.148100e+13
2.909902e+13
4.628679e+13
3.901132e+13
4.723045e+13
5.234975e+13
6.154633e+13
7.111531e+13
6.084049e+13
5.618563e+13
4.215789e+13
4.839451e+13
5.307691e+13
6.256811e+13
2.989015e+13
4.700023e+13
3.105721e+13
7.425716e+13
1.312618e+14
8.138047e+13
3.614329e+13
2.888555e+13
3.491095e+13
5.231310e+13
7.964853e+13
5.651500e+13
5.253021e+13
2.040781e+13
2.658160e+13
2.509297e+13
4.972574e+13
8.450101e+13
5.298239e+13
2.984893e+13
2.758855e+13
5.434776e+13
4.636451e+13
4.349514e+13
7.617565e+13
6.643388e+13
5.364477e+13
5.104042e+13
3.356365e+13
2.059093e+13
2.423934e+13
1.752313e+13
3.024069e+13
3.528346e+13
3.441120e+13
3.258300e+13
3.194919e+13
3.238883e+13
3.412596e+13
3.659740e+13
3.846215e+13
3.855793e+13
3.732407e+13
3.698969e+13
3.708199e+13
3.878829e+13
4.126640e+13
3.897147e+13
4.651366e+13
4.855317e+13
4.851155e+13
4.847851e+13
5.143956e+13
5.241751e+13
5.263028e+13
5.240877e+13
5.709061e+13
6.023717e+13
6.327648e+13
6.118526e+13
6.113530e+13
5.877909e+13
5.688307e+13
5.885865e+13
5.525904e+13
6.156579e+13
6.200787e+13
6.264981e+13
5.738771e+13
5.163748e+13
5.100712e+13
5.082276e+13
5.082248e+13
5.013321e+13
4.589500e+13
4.411543e+13
4.159010e+13
4.196910e+13
3.986925e+13
4.178780e+13
3.639264e+13
3.597765e+13
3.779739e+13
3.511373e+13
3.418446e+13
3.136780e+13
2.767762e+13
2.657410e+13
2.498244e+13
2.513982e+13
2.367819e+13
2.381065e+13
2.259775e+13
2.210305e+13
1.972241e+13
1.991235e+13
2.005270e+13
1.876829e+13
1.798740e+13
1.851268e+13
1.672144e+13
1.392390e+13
1.260214e+13
1.286308e+13
1.179304e+13
1.069449e+13
1.121375e+13
1.009032e+13
8.534633e+12
9.582167e+12
1.022931e+13
8.240273e+12
8.327708e+12
9.064608e+12
9.033335e+12
8.965693e+12
8.658140e+12
7.110467e+12
6.706489e+12
6.294754e+12
7.027678e+12
8.178182e+12
8.473701e+12
7.938073e+12
7.665309e+12
7.754693e+12
8.058682e+12
4.904258e+12
5.456411e+12
4.836400e+12
5.048175e+12
5.284478e+12
4.769256e+12
7.846633e+12
9.231810e+12
9.363143e+12
8.774318e+12
5.343566e+12
5.391020e+12
3.453938e+12
2.297202e+12
7.630977e+12
1.059281e+13
2.965014e+13
1.206444e+13
2.233495e+13
1.188316e+15
0.000000e+00
0.000000e+00
0.000000e+00
0.000000e+00
0.000000e+00
0.000000e+00
0.000000e+00
0.000000e+00
0.000000e+00
0.000000e+00
0.000000e+00
0.000000e+00
0.000000e+00
0.000000e+00
0.000000e+00
0.000000e+00
0.000000e+00
0.000000e+00
0.000000e+00
0.000000e+00
0.000000e+00
0.000000e+00
0.000000e+00
0.000000e+00
0.000000e+00
0.000000e+00
0.000000e+00
0.000000e+00
0.000000e+00
0.000000e+00
0.000000e+00
0.000000e+00
0.000000e+00
0.000000e+00
0.000000e+00
0.000000e+00
0.000000e+00
0.000000e+00
0.000000e+00
0.000000e+00
0.000000e+00
0.000000e+00
0.000000e+00
0.000000e+00
0.000000e+00
0.000000e+00
0.000000e+00
0.000000e+00
0.000000e+00
0.000000e+00
0.000000e+00
0.000000e+00
0.000000e+00
0.000000e+00
0.000000e+00
0.000000e+00
0.000000e+00
0.000000e+00
0.000000e+00
0.000000e+00
0.000000e+00
0.000000e+00
0.000000e+00
0.000000e+00
0.000000e+00
0.000000e+00
0.000000e+00
0.000000e+00
0.000000e+00
0.000000e+00
0.000000e+00
0.000000e+00
0.000000e+00
0.000000e+00
0.000000e+00
0.000000e+00
0.000000e+00
0.000000e+00
0.000000e+00
0.000000e+00
0.000000e+00
0.000000e+00
0.000000e+00
0.000000e+00
0.000000e+00
0.000000e+00
0.000000e+00
0.000000e+00
0.000000e+00
0.000000e+00
0.000000e+00
0.000000e+00
0.000000e+00
0.000000e+00
0.000000e+00
0.000000e+00
0.000000e+00
0.000000e+00
0.000000e+00
0.000000e+00
0.000000e+00
0.000000e+00
0.000000e+00
0.000000e+00
0.000000e+00
0.000000e+00
0.000000e+00
0.000000e+00
0.000000e+00
0.000000e+00
0.000000e+00
0.000000e+00
0.000000e+00
0.000000e+00
0.000000e+00
0.000000e+00
0.000000e+00
0.000000e+00
0.000000e+00
0.000000e+00
0.000000e+00
0.000000e+00
0.000000e+00
0.000000e+00
0.000000e+00
0.000000e+00
0.000000e+00
0.000000e+00
0.000000e+00
0.000000e+00
0.000000e+00
0.000000e+00
0.000000e+00
0.000000e+00
0.000000e+00
0.000000e+00
0.000000e+00
0.000000e+00
0.000000e+00
0.000000e+00
0.000000e+00
0.000000e+00
0.000000e+00
0.000000e+00
0.000000e+00
0.000000e+00
0.000000e+00
0.000000e+00
0.000000e+00
0.000000e+00
0.000000e+00
0.000000e+00
0.000000e+00
0.000000e+00
0.000000e+00
0.000000e+00
